 0.00       0.0  50.   86799.3       0.0   25393.9    0.2926   61.5025    54.143 
 0.00       0.0  47.   78119.3       0.0   22454.7    0.2874   52.9726    54.143 
 0.00       0.0  44.   69439.3       0.0   19619.2    0.2825   45.1047    54.143 
 0.00       0.0  38.   52079.7       0.0   14148.8    0.2717   30.9830    54.143 
 0.00       0.0  32.   34719.7       0.0    9154.5    0.2637   19.6281    54.143 
 0.00       0.0  26.   17359.7       0.0    5022.5    0.2893   11.1585    54.143 
 0.10       0.0  50.   88228.6   11128.4   25469.5    0.3303   61.6945    54.143 
 0.10       0.0  47.   80005.3   10616.0   22668.1    0.3267   53.5445    54.143 
 0.10       0.0  44.   71752.0   10072.1   19954.1    0.3235   45.9841    54.143 
 0.10       0.0  38.   55126.5    8866.3   14679.3    0.3173   32.2697    54.143 
 0.10       0.0  32.   38261.9    7421.8    9786.8    0.3173   20.9895    54.143 
 0.10       0.0  26.   20939.4    5519.3    5542.0    0.3594   12.1738    54.143 
 0.20       0.0  50.   92092.5   22760.6   25663.9    0.3702   62.3143    54.143 
 0.20       0.0  47.   84202.0   21803.3   22938.8    0.3676   54.3372    54.143 
 0.20       0.0  44.   76252.0   20786.5   20284.9    0.3657   46.8981    54.143 
 0.20       0.0  38.   60132.8   18533.6   15134.6    0.3638   33.4059    54.143 
 0.20       0.0  32.   43575.8   15843.1   10314.6    0.3719   22.1879    54.143 
 0.20       0.0  26.   26205.9   12339.6    5979.2    0.4312   13.0868    54.143 
 0.30       0.0  50.   98181.3   35289.5   25962.4    0.4128   63.4226    54.143 
 0.30       0.0  47.   90555.8   33953.0   23283.5    0.4113   55.5058    54.143 
 0.30       0.0  44.   82848.1   32534.9   20664.6    0.4107   48.0967    54.143 
 0.30       0.0  38.   67131.2   29396.2   15588.7    0.4131   34.6643    54.143 
 0.30       0.0  32.   50822.1   25665.4   10829.6    0.4305   23.4833    54.143 
 0.30       0.0  26.   33470.1   20891.8    6439.8    0.5120   14.1431    54.143 
 0.40       0.0  50.  106966.1   49177.2   26405.9    0.4569   65.0995    54.143 
 0.40       0.0  47.   99531.0   47521.1   23748.0    0.4566   57.1699    54.143 
 0.40       0.0  44.   91998.1   45766.9   21140.5    0.4573   49.6990    54.143 
 0.40       0.0  38.   76564.2   41890.9   16094.2    0.4642   36.1860    54.143 
 0.40       0.0  32.   60427.1   37311.6   11368.9    0.4918   24.9780    54.143 
 0.40       0.0  26.   43131.8   31574.0    6921.6    0.5989   15.3560    54.143 
 0.50       0.0  50.  118161.0   64676.0   26990.0    0.5046   67.5307    54.143 
 0.50       0.0  47.  110896.3   62760.0   24346.9    0.5058   59.5230    54.143 
 0.50       0.0  44.  103523.4   60735.3   21744.7    0.5082   51.9379    54.143 
 0.50       0.0  38.   88361.6   56270.6   16719.2    0.5210   38.2789    54.143 
 0.50       0.0  32.   72424.8   51030.6   12015.8    0.5616   26.9401    54.143 
 0.50       0.0  26.   55310.7   44613.7    7505.2    0.7016   16.9494    54.143 
 0.00    2000.0  50.   82306.6       0.0   23973.4    0.2913   59.3648    54.143 
 0.00    2000.0  47.   74076.8       0.0   21183.4    0.2860   51.1341    54.143 
 0.00    2000.0  44.   65845.1       0.0   18505.0    0.2810   43.5538    54.143 
 0.00    2000.0  38.   49383.9       0.0   13343.9    0.2702   29.9505    54.143 
 0.00    2000.0  32.   32922.6       0.0    8622.9    0.2619   18.9488    54.143 
 0.00    2000.0  26.   16461.4       0.0    4706.9    0.2859   10.7324    54.143 
 0.10    2000.0  50.   83612.8   10444.0   24036.1    0.3285   59.5262    54.143 
 0.10    2000.0  47.   75815.5    9963.5   21379.5    0.3247   51.6722    54.143 
 0.10    2000.0  44.   67987.6    9452.5   18813.7    0.3214   44.3821    54.143 
 0.10    2000.0  38.   52221.0    8319.8   13840.7    0.3153   31.1747    54.143 
 0.10    2000.0  32.   36231.3    6963.7    9211.3    0.3147   20.2450    54.143 
 0.10    2000.0  26.   19810.6    5176.8    5192.6    0.3548   11.7076    54.143 
 0.20    2000.0  50.   87123.8   21342.1   24192.8    0.3678   60.0534    54.143 
 0.20    2000.0  47.   79648.1   20444.3   21612.4    0.3651   52.3720    54.143 
 0.20    2000.0  44.   72114.5   19489.1   19105.4    0.3630   45.2073    54.143 
 0.20    2000.0  38.   56842.6   17373.4   14249.6    0.3610   32.2147    54.143 
 0.20    2000.0  32.   41159.7   14847.1    9694.7    0.3684   21.3664    54.143 
 0.20    2000.0  26.   24711.4   11555.1    5597.1    0.4254   12.5748    54.143 
 0.30    2000.0  50.   92714.7   33059.8   24452.9    0.4099   61.0572    54.143 
 0.30    2000.0  47.   85496.2   31806.8   21917.4    0.4082   53.4348    54.143 
 0.30    2000.0  44.   78198.6   30474.8   19446.9    0.4075   46.3127    54.143 
 0.30    2000.0  38.   63319.8   27526.9   14661.2    0.4096   33.3824    54.143 
 0.30    2000.0  32.   47884.8   24022.9   10165.3    0.4260   22.5759    54.143 
 0.30    2000.0  26.   31465.0   19534.0    6024.5    0.5049   13.5751    54.143 
 0.40    2000.0  50.  100915.8   46047.7   24882.5    0.4535   62.7039    54.143 
 0.40    2000.0  47.   93875.4   44494.2   22365.5    0.4529   55.0584    54.143 
 0.40    2000.0  44.   86740.2   42845.7   19903.2    0.4534   47.8723    54.143 
 0.40    2000.0  38.   72122.8   39202.0   15139.3    0.4599   34.8494    54.143 
 0.40    2000.0  32.   56844.0   34896.8   10671.2    0.4862   24.0048    54.143 
 0.40    2000.0  26.   40467.3   29493.7    6474.7    0.5900   14.7331    54.143 
 0.50    2000.0  50.  111376.4   60532.6   25450.0    0.5006   65.0747    54.143 
 0.50    2000.0  47.  104494.1   58733.6   22944.1    0.5014   57.3530    54.143 
 0.50    2000.0  44.   97504.2   56829.1   20484.3    0.5036   50.0490    54.143 
 0.50    2000.0  38.   83136.1   52629.9   15724.4    0.5154   36.8172    54.143 
 0.50    2000.0  32.   68033.5   47696.0   11280.2    0.5546   25.8844    54.143 
 0.50    2000.0  26.   51810.4   41641.6    7018.6    0.6902   16.2466    54.143 
 0.00    5000.0  50.   75781.4       0.0   21927.3    0.2893   55.8361    54.143 
 0.00    5000.0  47.   68203.3       0.0   19351.7    0.2837   48.0823    54.143 
 0.00    5000.0  44.   60625.1       0.0   16897.9    0.2787   40.9760    54.143 
 0.00    5000.0  38.   45468.8       0.0   12183.8    0.2680   28.2221    54.143 
 0.00    5000.0  32.   30312.6       0.0    7860.7    0.2593   17.8387    54.143 
 0.00    5000.0  26.   15156.2       0.0    4260.3    0.2811   10.0534    54.143 
 0.10    5000.0  50.   76962.5    9475.1   21990.2    0.3258   56.0077    54.143 
 0.10    5000.0  47.   69778.6    9039.9   19535.4    0.3216   48.6038    54.143 
 0.10    5000.0  44.   62565.9    8575.9   17183.2    0.3183   41.7603    54.143 
 0.10    5000.0  38.   48039.6    7547.1   12638.4    0.3121   29.3706    54.143 
 0.10    5000.0  32.   33310.7    6315.8    8391.1    0.3108   19.0368    54.143 
 0.10    5000.0  26.   18190.3    4692.8    4699.0    0.3481   10.9640    54.143 
 0.20    5000.0  50.   80153.5   19356.6   22152.0    0.3644   56.5518    54.143 
 0.20    5000.0  47.   73260.0   18542.3   19767.4    0.3613   49.3252    54.143 
 0.20    5000.0  44.   66311.9   17674.6   17467.0    0.3591   42.5862    54.143 
 0.20    5000.0  38.   52227.7   15750.0   13018.6    0.3569   30.3645    54.143 
 0.20    5000.0  32.   37772.5   13453.7    8832.2    0.3632   20.0896    54.143 
 0.20    5000.0  26.   22617.3   10458.0    5069.8    0.4169   11.7831    54.143 
 0.30    5000.0  50.   85159.4   29959.6   22392.8    0.4057   57.5188    54.143 
 0.30    5000.0  47.   78501.6   28821.5   20052.4    0.4036   50.3449    54.143 
 0.30    5000.0  44.   71769.8   27610.2   17782.5    0.4027   43.6330    54.143 
 0.30    5000.0  38.   58046.8   24926.9   13391.0    0.4043   31.4466    54.143 
 0.30    5000.0  32.   43818.1   21738.2    9256.3    0.4192   21.2062    54.143 
 0.30    5000.0  26.   28685.3   17645.4    5454.6    0.4941   12.7087    54.143 
 0.40    5000.0  50.   92362.0   41655.8   22735.8    0.4484   58.9257    54.143 
 0.40    5000.0  47.   85881.7   40246.1   20417.7    0.4474   51.7229    54.143 
 0.40    5000.0  44.   79311.5   38746.0   18161.1    0.4477   44.9819    54.143 
 0.40    5000.0  38.   65855.7   35432.0   13795.9    0.4535   32.7312    54.143 
 0.40    5000.0  32.   51795.6   31513.1    9692.2    0.4779   22.4762    54.143 
 0.40    5000.0  26.   36724.1   26582.8    5850.0    0.5768   13.7581    54.143 
 0.50    5000.0  50.  101764.7   54713.5   23267.9    0.4945   61.1641    54.143 
 0.50    5000.0  47.   95425.5   53079.3   20956.1    0.4949   53.8913    54.143 
 0.50    5000.0  44.   88986.0   51344.9   18700.2    0.4968   47.0356    54.143 
 0.50    5000.0  38.   75749.7   47519.2   14327.8    0.5075   34.5602    54.143 
 0.50    5000.0  32.   61842.1   43021.6   10242.3    0.5442   24.2193    54.143 
 0.50    5000.0  26.   46893.9   37483.7    6336.8    0.6734   15.1493    54.143 
 0.00   10000.0  50.   65515.2       0.0   18750.4    0.2862   49.6187    54.143 
 0.00   10000.0  47.   58963.1       0.0   16518.4    0.2801   42.6915    54.143 
 0.00   10000.0  44.   52411.7       0.0   14404.1    0.2748   36.3876    54.143 
 0.00   10000.0  38.   39309.1       0.0   10389.0    0.2643   25.1522    54.143 
 0.00   10000.0  32.   26206.1       0.0    6682.3    0.2550   15.8728    54.143 
 0.00   10000.0  26.   13102.8       0.0    3586.0    0.2737    8.8966    54.143 
 0.10   10000.0  50.   66513.0    8003.0   18814.0    0.3216   49.8043    54.143 
 0.10   10000.0  47.   60295.6    7636.3   16681.0    0.3168   43.1701    54.143 
 0.10   10000.0  44.   54052.8    7244.7   14650.6    0.3130   37.0880    54.143 
 0.10   10000.0  38.   41479.8    6373.9   10771.9    0.3068   26.1531    54.143 
 0.10   10000.0  32.   28736.7    5332.7    7127.7    0.3046   16.9171    54.143 
 0.10   10000.0  26.   15661.3    3959.3    3952.1    0.3377    9.6928    54.143 
 0.20   10000.0  50.   69213.3   16341.5   18978.4    0.3590   50.3726    54.143 
 0.20   10000.0  47.   63240.0   15654.7   16900.7    0.3552   43.8769    54.143 
 0.20   10000.0  44.   57218.2   14920.8   14912.8    0.3526   37.8823    54.143 
 0.20   10000.0  38.   45012.5   13289.4   11102.6    0.3500   27.0489    54.143 
 0.20   10000.0  32.   32492.1   11343.5    7501.6    0.3547   17.8391    54.143 
 0.20   10000.0  26.   19375.7    8801.3    4269.8    0.4038   10.4219    54.143 
 0.30   10000.0  50.   73470.0   25279.7   19227.8    0.3990   51.3530    54.143 
 0.30   10000.0  47.   67689.0   24317.7   17182.6    0.3962   44.9120    54.143 
 0.30   10000.0  44.   61842.8   23290.5   15218.9    0.3948   38.9153    54.143 
 0.30   10000.0  38.   49925.2   21011.0   11440.8    0.3957   28.0589    54.143 
 0.30   10000.0  32.   37577.6   18301.5    7870.3    0.4083   18.8430    54.143 
 0.30   10000.0  26.   24452.1   14814.1    4596.0    0.4769   11.2358    54.143 
 0.40   10000.0  50.   79613.9   35130.7   19590.6    0.4404   52.8130    54.143 
 0.40   10000.0  47.   73970.8   33935.8   17556.3    0.4385   46.3400    54.143 
 0.40   10000.0  44.   68246.9   32660.3   15599.9    0.4384   40.2799    54.143 
 0.40   10000.0  38.   56525.3   29835.4   11818.6    0.4428   29.2775    54.143 
 0.40   10000.0  32.   44286.1   26492.8    8255.8    0.4640   19.9997    54.143 
 0.40   10000.0  26.   31166.9   22270.2    4934.4    0.5546   12.1632    54.143 
 0.50   10000.0  50.   87407.2   46061.7   20044.8    0.4848   54.8145    54.143 
 0.50   10000.0  47.   81885.8   44674.1   18019.4    0.4842   48.2395    54.143 
 0.50   10000.0  44.   76271.5   43195.2   16063.9    0.4857   42.0967    54.143 
 0.50   10000.0  38.   64737.1   39929.9   12270.6    0.4946   30.8771    54.143 
 0.50   10000.0  32.   52623.8   36085.7    8714.0    0.5269   21.5015    54.143 
 0.50   10000.0  26.   39593.4   31324.3    5337.2    0.6454   13.3577    54.143 
 0.30   15000.0  50.   66191.3   21686.0   16994.7    0.3819   39.4953    54.143 
 0.30   15000.0  47.   60919.2   20864.4   15104.2    0.3771   34.3305    54.143 
 0.30   15000.0  44.   55581.3   19977.4   13321.4    0.3742   29.7394    54.143 
 0.30   15000.0  38.   44698.8   17995.7    9957.8    0.3729   21.5395    54.143 
 0.30   15000.0  32.   33437.8   15635.8    6780.6    0.3809   14.4099    54.143 
 0.30   15000.0  26.   21481.9   12580.8    3878.6    0.4357    8.5425    54.143 
 0.30   15000.0  21.   11431.1    9205.9    1904.5    0.8559    4.8074    54.143 
 0.40   15000.0  50.   71692.5   30124.2   17465.5    0.4202   40.9754    54.143 
 0.40   15000.0  47.   66506.6   29095.1   15578.2    0.4164   35.7619    54.143 
 0.40   15000.0  44.   61241.9   27987.3   13777.9    0.4143   31.0731    54.143 
 0.40   15000.0  38.   50455.4   25514.4   10368.5    0.4157   22.6355    54.143 
 0.40   15000.0  32.   39206.6   22579.3    7153.8    0.4302   15.3476    54.143 
 0.40   15000.0  26.   27150.2   18836.6    4178.0    0.5025    9.2464    54.143 
 0.40   15000.0  21.   16980.0   14901.6    2118.8    1.0194    5.2992    54.143 
 0.50   15000.0  50.   78789.3   39509.7   18096.0    0.4607   43.0598    54.143 
 0.50   15000.0  47.   73650.4   38298.9   16201.5    0.4583   37.7609    54.143 
 0.50   15000.0  44.   68427.5   37003.8   14373.2    0.4574   32.9090    54.143 
 0.50   15000.0  38.   57683.8   34115.9   10890.8    0.4621   24.1240    54.143 
 0.50   15000.0  32.   46413.8   30701.9    7609.9    0.4843   16.5780    54.143 
 0.50   15000.0  26.   34272.3   26416.4    4556.4    0.5800   10.2007    54.143 
 0.50   15000.0  21.   24062.1   22098.1    2403.9    1.2240    5.9846    54.143 
 0.60   15000.0  50.   87597.7   50037.1   18886.8    0.5028   45.7861    54.143 
 0.60   15000.0  47.   82464.7   48660.0   16966.5    0.5019   40.3206    54.143 
 0.60   15000.0  44.   77253.7   47205.3   15093.7    0.5023   35.2431    54.143 
 0.60   15000.0  38.   66503.9   43967.5   11520.4    0.5112   26.0104    54.143 
 0.60   15000.0  32.   55175.2   40151.0    8158.0    0.5430   18.1313    54.143 
 0.60   15000.0  26.   42944.2   35432.1    5003.5    0.6661   11.3844    54.143 
 0.60   15000.0  21.   32712.0   30834.0    2744.8    1.4615    6.8541    54.143 
 0.70   15000.0  50.   98363.7   62045.7   19818.9    0.5457   49.1295    54.143 
 0.70   15000.0  47.   93123.3   60437.2   17858.3    0.5464   43.4424    54.143 
 0.70   15000.0  44.   87820.6   58766.2   15941.8    0.5487   38.1083    54.143 
 0.70   15000.0  38.   76982.9   55192.2   12256.6    0.5625   28.3270    54.143 
 0.70   15000.0  32.   65564.2   51037.0    8779.7    0.6044   20.0056    54.143 
 0.70   15000.0  26.   53225.8   45962.1    5503.6    0.7577   12.7960    54.143 
 0.70   15000.0  21.   42950.5   41134.6    3141.1    1.7297    7.9282    54.143 
 0.40   20000.0  50.   60245.6   24895.8   14597.2    0.4129   34.8530    54.143 
 0.40   20000.0  47.   55863.9   24049.1   12990.5    0.4083   30.3328    54.143 
 0.40   20000.0  44.   51410.8   23130.5   11477.2    0.4058   26.3460    54.143 
 0.40   20000.0  38.   42284.6   21074.7    8616.2    0.4062   19.2304    54.143 
 0.40   20000.0  32.   32771.1   18631.1    5923.0    0.4189   13.0247    54.143 
 0.40   20000.0  26.   22575.4   15505.4    3441.6    0.4868    7.8533    54.143 
 0.40   20000.0  21.   13970.6   12203.1    1729.0    0.9782    4.4847    54.143 
 0.50   20000.0  50.   66160.0   32637.0   15165.9    0.4524   36.7197    54.143 
 0.50   20000.0  47.   61811.7   31641.1   13542.3    0.4489   32.0836    54.143 
 0.50   20000.0  44.   57381.9   30564.0   12002.2    0.4475   27.9541    54.143 
 0.50   20000.0  38.   48272.4   28158.7    9071.0    0.4510   20.5277    54.143 
 0.50   20000.0  32.   38718.0   25308.8    6313.9    0.4709   14.0774    54.143 
 0.50   20000.0  26.   28421.0   21716.5    3757.2    0.5604    8.6592    54.143 
 0.50   20000.0  21.   19751.5   18075.3    1959.7    1.1692    5.0532    54.143 
 0.60   20000.0  50.   73661.1   41371.2   15916.1    0.4929   39.2326    54.143 
 0.60   20000.0  47.   69277.4   40216.5   14268.5    0.4910   34.4576    54.143 
 0.60   20000.0  44.   64830.9   38999.1   12679.0    0.4908   30.0988    54.143 
 0.60   20000.0  38.   55666.4   36292.6    9647.9    0.4980   22.2368    54.143 
 0.60   20000.0  32.   46008.0   33092.0    6795.9    0.5262   15.4339    54.143 
 0.60   20000.0  26.   35569.9   29111.9    4138.2    0.6408    9.6707    54.143 
 0.60   20000.0  21.   26821.6   25207.1    2237.7    1.3860    5.7776    54.143 
 0.70   20000.0  50.   82929.8   51396.6   16831.1    0.5338   42.3878    54.143 
 0.70   20000.0  47.   78414.0   50033.9   15144.1    0.5336   37.4243    54.143 
 0.70   20000.0  44.   73837.8   48611.2   13498.6    0.5351   32.8052    54.143 
 0.70   20000.0  38.   64495.6   45575.6   10340.0    0.5465   24.3786    54.143 
 0.70   20000.0  32.   54682.0   42068.8    7358.1    0.5834   17.1005    54.143 
 0.70   20000.0  26.   44060.9   37754.3    4570.0    0.7246   10.8868    54.143 
 0.70   20000.0  21.   35193.4   33616.7    2560.2    1.6238    6.6663    54.143 
 0.50   25000.0  50.   55064.9   26729.7   12581.4    0.4440   30.8914    54.143 
 0.50   25000.0  47.   51417.3   25915.6   11216.3    0.4398   26.9417    54.143 
 0.50   25000.0  44.   47699.4   25030.3    9927.3    0.4379   23.4528    54.143 
 0.50   25000.0  38.   40045.4   23044.2    7486.5    0.4403   17.2478    54.143 
 0.50   25000.0  32.   32021.0   20686.9    5191.7    0.4581   11.8196    54.143 
 0.50   25000.0  26.   23371.6   17704.6    3074.0    0.5424    7.2723    54.143 
 0.50   25000.0  21.   16080.9   14664.2    1586.6    1.1198    4.2257    54.143 
 0.60   25000.0  50.   61304.5   33890.4   13247.5    0.4832   33.0925    54.143 
 0.60   25000.0  47.   57609.2   32936.5   11852.8    0.4804   28.9920    54.143 
 0.60   25000.0  44.   53856.4   31925.3   10521.7    0.4798   25.3100    54.143 
 0.60   25000.0  38.   46134.2   29685.7    7983.5    0.4854   18.7226    54.143 
 0.60   25000.0  32.   37997.0   27031.3    5597.1    0.5104   12.9539    54.143 
 0.60   25000.0  26.   29194.8   23712.0    3387.9    0.6179    8.1119    54.143 
 0.60   25000.0  21.   21806.0   20435.3    1809.6    1.3202    4.8191    54.143 
 0.70   25000.0  50.   69029.7   42125.7   14063.8    0.5227   35.8565    54.143 
 0.70   25000.0  47.   65213.4   40999.7   12623.6    0.5213   31.5535    54.143 
 0.70   25000.0  44.   61330.3   39807.3   11240.4    0.5222   27.6480    54.143 
 0.70   25000.0  38.   53403.8   37261.3    8584.6    0.5318   20.5678    54.143 
 0.70   25000.0  32.   45105.2   34343.8    6076.5    0.5647   14.3677    54.143 
 0.70   25000.0  26.   36109.6   30728.8    3746.6    0.6963    9.1254    54.143 
 0.70   25000.0  21.   28585.1   27239.9    2068.4    1.5376    5.5437    54.143 
 0.75   25000.0  50.   73508.4   46724.5   14533.7    0.5426   37.4772    54.143 
 0.75   25000.0  47.   69610.6   45504.3   13062.7    0.5419   33.0480    54.143 
 0.75   25000.0  44.   65643.7   44216.6   11646.4    0.5435   29.0017    54.143 
 0.75   25000.0  38.   57529.1   41458.9    8921.3    0.5551   21.6330    54.143 
 0.75   25000.0  32.   49094.6   38381.0    6343.9    0.5921   15.1820    54.143 
 0.75   25000.0  26.   39985.2   34628.5    3938.5    0.7352    9.6933    54.143 
 0.75   25000.0  21.   32373.9   31034.6    2201.5    1.6438    5.9391    54.143 
 0.80   25000.0  50.   78443.3   51690.3   15052.0    0.5626   39.2909    54.143 
 0.80   25000.0  47.   74451.7   50373.4   13547.6    0.5626   34.7253    54.143 
 0.80   25000.0  44.   70388.4   48985.9   12089.4    0.5649   30.5089    54.143 
 0.80   25000.0  38.   62058.1   46006.3    9283.9    0.5784   22.8024    54.143 
 0.80   25000.0  32.   53388.5   42687.3    6629.4    0.6195   16.0732    54.143 
 0.80   25000.0  26.   44147.1   38796.3    4141.8    0.7741   10.3113    54.143 
 0.80   25000.0  21.   36431.0   35093.3    2338.5    1.7482    6.3603    54.143 
 0.50   30000.0  50.   44511.4   21496.7    9982.2    0.4337   24.6962    54.143 
 0.50   30000.0  47.   41553.8   20840.7    8900.2    0.4297   21.5869    54.143 
 0.50   30000.0  44.   38540.0   20128.2    7871.3    0.4275   18.8140    54.143 
 0.50   30000.0  38.   32335.1   18526.4    5935.4    0.4298   13.9091    54.143 
 0.50   30000.0  32.   25830.0   16624.1    4115.1    0.4470    9.5984    54.143 
 0.50   30000.0  26.   18818.3   14215.3    2434.3    0.5289    5.9435    54.143 
 0.50   30000.0  21.   12905.8   11755.1    1256.3    1.0917    3.4785    54.143 
 0.60   30000.0  50.   50292.0   27446.1   10798.3    0.4727   27.2834    54.143 
 0.60   30000.0  47.   47222.7   26661.4    9654.8    0.4696   23.9055    54.143 
 0.60   30000.0  44.   44111.3   25834.5    8558.8    0.4683   20.8579    54.143 
 0.60   30000.0  38.   37712.9   24005.4    6479.7    0.4727   15.4506    54.143 
 0.60   30000.0  32.   30972.7   21834.3    4525.7    0.4952   10.6985    54.143 
 0.60   30000.0  26.   23677.9   19108.8    2725.6    0.5965    6.7078    54.143 
 0.60   30000.0  21.   17545.3   16402.9    1441.3    1.2617    3.9770    54.143 
 0.70   30000.0  50.   56914.5   34207.2   11607.2    0.5112   29.9511    54.143 
 0.70   30000.0  47.   53718.8   33282.3   10399.5    0.5089   26.3031    54.143 
 0.70   30000.0  44.   50463.1   32297.3    9247.4    0.5091   23.0271    54.143 
 0.70   30000.0  38.   43805.6   30181.1    7040.8    0.5168   17.1438    54.143 
 0.70   30000.0  32.   36858.7   27775.8    4958.5    0.5459   11.9412    54.143 
 0.70   30000.0  26.   29320.7   24779.2    3033.1    0.6679    7.5710    54.143 
 0.70   30000.0  21.   23002.1   21866.7    1649.5    1.4528    4.5683    54.143 
 0.75   30000.0  50.   60615.4   37951.2   12022.6    0.5305   31.3582    54.143 
 0.75   30000.0  47.   57349.3   36951.5   10783.2    0.5286   27.5806    54.143 
 0.75   30000.0  44.   54015.5   35884.1    9599.7    0.5295   24.1816    54.143 
 0.75   30000.0  38.   47189.4   33590.8    7328.8    0.5389   18.0498    54.143 
 0.75   30000.0  32.   40099.5   31033.8    5184.6    0.5719   12.6250    54.143 
 0.75   30000.0  26.   32449.5   27916.6    3192.5    0.7043    8.0425    54.143 
 0.75   30000.0  21.   26042.3   24909.0    1756.5    1.5500    4.8896    54.143 
 0.80   30000.0  50.   64691.9   41994.9   12480.8    0.5499   32.9313    54.143 
 0.80   30000.0  47.   61344.5   40917.3   11205.6    0.5486   29.0126    54.143 
 0.80   30000.0  44.   57922.6   39765.3    9985.5    0.5499   25.4664    54.143 
 0.80   30000.0  38.   50902.3   37284.6    7641.0    0.5611   19.0463    54.143 
 0.80   30000.0  32.   43593.8   34515.0    5427.1    0.5978   13.3751    54.143 
 0.80   30000.0  26.   35807.8   31268.4    3358.5    0.7399    8.5480    54.143 
 0.80   30000.0  21.   29297.8   28162.9    1865.5    1.6439    5.2295    54.143 
 0.85   30000.0  50.   69155.8   46368.9   12977.6    0.5695   34.6689    54.143 
 0.85   30000.0  47.   65713.5   45204.6   11664.2    0.5687   30.5943    54.143 
 0.85   30000.0  44.   62194.0   43964.5   10401.0    0.5706   26.8775    54.143 
 0.85   30000.0  38.   54961.7   41289.7    7976.3    0.5834   20.1378    54.143 
 0.85   30000.0  32.   47402.1   38287.3    5682.4    0.6234   14.1857    54.143 
 0.85   30000.0  26.   39393.2   34835.8    3532.6    0.7751    9.0932    54.143 
 0.85   30000.0  21.   32769.4   31630.0    1980.0    1.7378    5.5961    54.143 
 0.60   35000.0  50.   39822.2   21749.9    8323.9    0.4606   21.1650    54.143 
 0.60   35000.0  47.   37393.7   21128.2    7445.7    0.4578   18.6097    54.143 
 0.60   35000.0  44.   34929.9   20472.0    6602.7    0.4567   16.2913    54.143 
 0.60   35000.0  38.   29865.2   19021.8    5003.4    0.4614   12.1558    54.143 
 0.60   35000.0  32.   24530.8   17301.9    3499.3    0.4841    8.4990    54.143 
 0.60   35000.0  26.   18757.5   15143.0    2112.3    0.5844    5.3863    54.143 
 0.60   35000.0  21.   13904.1   13000.4    1123.1    1.2428    3.2342    54.143 
 0.70   35000.0  50.   45602.4   27261.8    9143.4    0.4985   23.7850    54.143 
 0.70   35000.0  47.   43024.1   26517.6    8194.1    0.4964   20.9413    54.143 
 0.70   35000.0  44.   40401.7   25729.2    7279.6    0.4961   18.3466    54.143 
 0.70   35000.0  38.   35032.1   24027.7    5539.8    0.5034   13.7227    54.143 
 0.70   35000.0  32.   29435.9   22099.7    3895.4    0.5310    9.6030    54.143 
 0.70   35000.0  26.   23362.1   19694.0    2379.6    0.6487    6.1290    54.143 
 0.70   35000.0  21.   18267.0   17350.0    1290.8    1.4076    3.7182    54.143 
 0.75   35000.0  50.   49011.2   30380.2    9644.5    0.5177   25.4190    54.143 
 0.75   35000.0  47.   46336.5   29568.8    8646.2    0.5156   22.3778    54.143 
 0.75   35000.0  44.   43613.4   28708.6    7686.4    0.5157   19.6097    54.143 
 0.75   35000.0  38.   38021.6   26843.0    5857.2    0.5240   14.6721    54.143 
 0.75   35000.0  32.   32217.2   24764.8    4130.4    0.5542   10.2768    54.143 
 0.75   35000.0  26.   25959.6   22233.4    2530.9    0.6792    6.5622    54.143 
 0.75   35000.0  21.   20709.9   19778.3    1380.1    1.4815    3.9870    54.143 
 0.80   35000.0  50.   52797.9   33778.1   10211.8    0.5369   27.2953    54.143 
 0.80   35000.0  47.   50008.9   32891.3    9157.2    0.5350   24.0255    54.143 
 0.80   35000.0  44.   47170.8   31955.3    8143.1    0.5352   21.0503    54.143 
 0.80   35000.0  38.   41326.1   29914.1    6211.2    0.5443   15.7481    54.143 
 0.80   35000.0  32.   35237.2   27629.4    4388.6    0.5769   11.0310    54.143 
 0.80   35000.0  26.   28755.7   24951.8    2692.6    0.7079    7.0349    54.143 
 0.80   35000.0  21.   23328.3   22377.3    1472.5    1.5484    4.2739    54.143 
 0.85   35000.0  50.   56439.5   37307.1   10638.5    0.5560   28.7709    54.143 
 0.85   35000.0  47.   53564.8   36345.4    9542.8    0.5542   25.3294    54.143 
 0.85   35000.0  44.   50640.6   35334.6    8496.0    0.5551   22.2299    54.143 
 0.85   35000.0  38.   44611.8   33132.3    6491.4    0.5655   16.6595    54.143 
 0.85   35000.0  32.   38306.7   30653.8    4601.4    0.6013   11.7024    54.143 
 0.85   35000.0  26.   31617.7   27791.3    2833.6    0.7405    7.4778    54.143 
 0.85   35000.0  21.   26086.5   25129.9    1564.1    1.6350    4.5709    54.143 
 0.90   35000.0  50.   60404.1   41129.1   11093.7    0.5755   30.3757    54.143 
 0.90   35000.0  47.   57428.4   40080.9    9956.0    0.5739   26.7553    54.143 
 0.90   35000.0  44.   54406.3   38986.7    8870.1    0.5752   23.5048    54.143 
 0.90   35000.0  38.   48184.3   36619.4    6789.0    0.5870   17.6415    54.143 
 0.90   35000.0  32.   41649.1   33939.2    4826.3    0.6260   12.4292    54.143 
 0.90   35000.0  26.   34685.3   30830.3    2978.5    0.7726    7.9484    54.143 
 0.90   35000.0  21.   29015.8   28052.1    1656.9    1.7192    4.8835    54.143 
 0.60   39000.0  50.   32857.4   17952.6    6838.3    0.4588   18.9068    54.143 
 0.60   39000.0  47.   30853.8   17439.5    6117.6    0.4561   16.6353    54.143 
 0.60   39000.0  44.   28821.8   16897.9    5427.0    0.4551   14.5756    54.143 
 0.60   39000.0  38.   24643.9   15701.1    4115.4    0.4602   10.8925    54.143 
 0.60   39000.0  32.   20243.9   14282.0    2881.5    0.4833    7.6325    54.143 
 0.60   39000.0  26.   15482.1   12501.2    1743.6    0.5849    4.8487    54.143 
 0.60   39000.0  21.   11479.3   10734.1     932.2    1.2509    2.9205    54.143 
 0.70   39000.0  50.   37628.3   22502.1    7510.9    0.4965   21.2373    54.143 
 0.70   39000.0  47.   35501.8   21888.3    6732.0    0.4945   18.7110    54.143 
 0.70   39000.0  44.   33338.2   21237.4    5981.8    0.4943   16.4028    54.143 
 0.70   39000.0  38.   28909.1   19833.4    4556.4    0.5020   12.2906    54.143 
 0.70   39000.0  32.   24293.2   18243.0    3207.7    0.5302    8.6219    54.143 
 0.70   39000.0  26.   19283.4   16258.2    1963.5    0.6490    5.5144    54.143 
 0.70   39000.0  21.   15081.4   14325.0    1070.0    1.4147    3.3549    54.143 
 0.75   39000.0  50.   40439.3   25075.9    7920.7    0.5156   22.6831    54.143 
 0.75   39000.0  47.   38233.7   24406.8    7103.2    0.5137   19.9881    54.143 
 0.75   39000.0  44.   35987.1   23696.4    6315.1    0.5138   17.5238    54.143 
 0.75   39000.0  38.   31374.9   22156.9    4816.2    0.5225   13.1345    54.143 
 0.75   39000.0  32.   26588.1   20442.7    3399.2    0.5531    9.2173    54.143 
 0.75   39000.0  26.   21426.8   18354.1    2087.3    0.6793    5.9007    54.143 
 0.75   39000.0  21.   17097.9   16329.7    1143.3    1.4884    3.5961    54.143 
 0.80   39000.0  50.   43564.1   27880.5    8385.9    0.5347   24.3514    54.143 
 0.80   39000.0  47.   41264.6   27149.3    7521.2    0.5328   21.4485    54.143 
 0.80   39000.0  44.   38923.5   26376.5    6689.7    0.5332   18.8029    54.143 
 0.80   39000.0  38.   34102.2   24692.0    5106.1    0.5426   14.0905    54.143 
 0.80   39000.0  32.   29080.5   22807.1    3610.7    0.5756    9.8887    54.143 
 0.80   39000.0  26.   23735.3   20598.6    2220.8    0.7080    6.3257    54.143 
 0.80   39000.0  21.   19259.5   18475.3    1219.4    1.5551    3.8537    54.143 
 0.85   39000.0  50.   46870.6   30894.1    8849.9    0.5539   26.0576    54.143 
 0.85   39000.0  47.   44469.6   30090.9    7938.9    0.5521   22.9428    54.143 
 0.85   39000.0  44.   42034.9   29253.3    7064.3    0.5527   20.1197    54.143 
 0.85   39000.0  38.   37007.4   27421.5    5396.4    0.5630   15.0784    54.143 
 0.85   39000.0  32.   31750.1   25359.6    3823.6    0.5983   10.5903    54.143 
 0.85   39000.0  26.   26170.4   22975.1    2353.7    0.7366    6.7650    54.143 
 0.85   39000.0  21.   21557.3   20758.5    1299.1    1.6263    4.1308    54.143 
 0.90   39000.0  50.   50166.0   34061.7    9233.4    0.5733   27.5254    54.143 
 0.90   39000.0  47.   47682.0   33188.2    8284.8    0.5716   24.2336    54.143 
 0.90   39000.0  44.   45163.1   32279.6    7379.4    0.5728   21.2820    54.143 
 0.90   39000.0  38.   39971.8   30309.2    5644.6    0.5842   15.9720    54.143 
 0.90   39000.0  32.   34520.3   28078.7    4011.5    0.6227   11.2489    54.143 
 0.90   39000.0  26.   28709.3   25488.4    2475.0    0.7684    7.1929    54.143 
 0.90   39000.0  21.   23977.0   23171.7    1375.7    1.7084    4.4121    54.143 
 0.70   43000.0  50.   31042.5   18567.0    6206.5    0.4975   19.6537    54.143 
 0.70   43000.0  47.   29288.3   18060.4    5564.0    0.4955   17.3179    54.143 
 0.70   43000.0  44.   27504.0   17523.6    4945.6    0.4955   15.1842    54.143 
 0.70   43000.0  38.   23850.5   16365.1    3768.8    0.5035   11.3743    54.143 
 0.70   43000.0  32.   20043.7   15053.5    2655.9    0.5322    7.9810    54.143 
 0.70   43000.0  26.   15911.4   13416.3    1628.9    0.6528    5.1035    54.143 
 0.70   43000.0  21.   12445.7   11821.9     891.6    1.4293    3.1054    54.143 
 0.75   43000.0  50.   33362.3   20690.7    6545.4    0.5165   20.9957    54.143 
 0.75   43000.0  47.   31542.6   20138.2    5870.1    0.5147   18.4993    54.143 
 0.75   43000.0  44.   29689.9   19552.6    5220.2    0.5150   16.2200    54.143 
 0.75   43000.0  38.   25885.4   18282.5    3983.5    0.5239   12.1564    54.143 
 0.75   43000.0  32.   21937.4   16868.8    2813.7    0.5551    8.5304    54.143 
 0.75   43000.0  26.   17680.4   15146.1    1731.5    0.6832    5.4625    54.143 
 0.75   43000.0  21.   14109.8   13476.3     952.2    1.5029    3.3287    54.143 
 0.80   43000.0  50.   35940.7   23004.8    6929.1    0.5357   22.5397    54.143 
 0.80   43000.0  47.   34044.2   22401.8    6216.0    0.5339   19.8548    54.143 
 0.80   43000.0  44.   32113.4   21764.2    5529.7    0.5343   17.4048    54.143 
 0.80   43000.0  38.   28136.0   20374.4    4222.9    0.5441   13.0422    54.143 
 0.80   43000.0  32.   23994.5   18820.1    2988.6    0.5776    9.1534    54.143 
 0.80   43000.0  26.   19585.2   16998.0    1841.6    0.7118    5.8553    54.143 
 0.80   43000.0  21.   15893.6   15246.9    1015.1    1.5694    3.5674    54.143 
 0.85   43000.0  50.   38669.1   25491.4    7312.3    0.5549   24.1204    54.143 
 0.85   43000.0  47.   36689.1   24829.0    6561.0    0.5532   21.2394    54.143 
 0.85   43000.0  44.   34680.3   24138.0    5838.4    0.5538   18.6205    54.143 
 0.85   43000.0  38.   30533.5   22626.9    4462.7    0.5644   13.9569    54.143 
 0.85   43000.0  32.   26197.3   20926.2    3164.4    0.6003    9.8023    54.143 
 0.85   43000.0  26.   21594.9   18959.4    1951.6    0.7405    6.2633    54.143 
 0.85   43000.0  21.   17789.8   17130.9    1080.9    1.6405    3.8240    54.143 
 0.90   43000.0  50.   41388.0   28105.0    7628.7    0.5743   25.4787    54.143 
 0.90   43000.0  47.   39339.4   27384.6    6846.3    0.5727   22.4335    54.143 
 0.90   43000.0  44.   37261.7   26635.3    6098.5    0.5739   19.6968    54.143 
 0.90   43000.0  38.   32979.6   25009.8    4668.2    0.5857   14.7870    54.143 
 0.90   43000.0  32.   28483.1   23170.0    3319.4    0.6248   10.4121    54.143 
 0.90   43000.0  26.   23689.7   21033.1    2051.4    0.7722    6.6583    54.143 
 0.90   43000.0  21.   19786.5   19122.3    1144.2    1.7228    4.0846    54.143 